Overall Satisfaction
0.8650743473562141
0.8343651261243588
0.8109805954767051
0.7959723304967437
0.7848514799911082
0.7775369287827083
0.7699849626593336
0.7623485073924211
0.7543593402379792
0.746200160580994
0.7384136189221062
0.7309718015262849
0.722340227838594
0.7166210182116439
0.7118999600648891

MaxMin
0.2196792510189068
0.3231911444626233
0.37103394832257963
0.40201850298695
0.4259285598613741
0.43501839584339635
0.45133631784520534
0.4678438913934494
0.4805348395233969
0.49718135280935466
0.5101268069095058
0.5225348842991446
0.5346132239142346
0.5427590226000474
0.5491248662582383

NDCG
0.12681622023812633
0.09084133300795144
0.09463286758273347
0.06547340787070036
0.07538549208181503
0.09079310751727339
0.07915214614433809
0.06517342739651547
0.058971085455849406
0.0586437818964333
0.0839009971264931
0.07118167260803018
0.0679364188340746
0.07087930854465978
0.07489373948387756

DFH
0.9963092975357146
0.9369588374490057
0.9080336108223473
0.8882632083175105
0.8988507213043263
0.9500491950148549
0.8812941531593724
0.886919195175565
0.8829333708327092
0.8306177546950722
0.890292170782339
0.8873869054374506
0.7966669279116214
0.8706387794322665
0.8619830072721294

FScore
0.2987206594917605
0.3863999276985558
0.41827926855676817
0.4282710074902285
0.44495486179349075
0.44884707978743676
0.4624385799554716
0.47619042001983336
0.4858032369109542
0.49651708330008865
0.504221688225581
0.5162153377706574
0.52526442866433
0.5314686678935249
0.5367847387138956
