Overall Satisfaction
0.8650743473562141
0.8343651261243588
0.8109805954767051
0.7959723304967437
0.7848514799911082
0.7775369287827083
0.7699849626593336
0.7627038321584045
0.7552080962266922
0.7475654345666424
0.7401172171373083
0.7327188673176852
0.7239627027588494
0.7181856697440708
0.7135382434079144

MaxMin
0.2196792510189068
0.3231911444626233
0.37103394832257963
0.40201850298695
0.4259285598613741
0.43501839584339635
0.45133631784520534
0.4605483282266968
0.4752155870057296
0.4922206949326752
0.5054183463911301
0.5179634529827192
0.5302362007781571
0.5386490008102803
0.5452110980924312

NDCG
0.12681622023812633
0.09084133300795144
0.09463286758273347
0.06547340787070036
0.07538549208181503
0.09079310751727339
0.07915214614433809
0.07127812507530948
0.05591873661645239
0.05439452175826659
0.07974818945560569
0.07089350700078503
0.06573550117109378
0.07238137021901928
0.07448304910250139

DFH
0.9963092975357146
0.9369588374490057
0.9080336108223473
0.8882632083175105
0.8988507213043263
0.9500491950148549
0.8812941531593724
0.8969191951755651
0.8800427225695303
0.8412981572027178
0.890292170782339
0.8887471159028522
0.800536314941383
0.8686362474772858
0.8645422378087602

FScore
0.2987206594917605
0.3863999276985558
0.41827926855676817
0.4282710074902285
0.44495486179349075
0.44884707978743676
0.4624385799554716
0.4733852184902438
0.4841799106918443
0.4954578437283496
0.503567509416991
0.5156421523553839
0.5246844341108566
0.5309319945291303
0.5363595546166869
