2028
50
1617
2571
912
1221
1358
1704
1213
1089
58
1961
1060
2762
1196
1148
923
1136
1252
4993
750
4226
2028
858
1233
5952
1193
912
2571
1198
912
58
1961
1
1356
62
318
904
750
733
858
1193
1221
17
2858
1193
1198
58
36
1073
62
912
141
904
653
2858
750
858
1617
1247
4993
858
1196
1221
1198
912
1136
1193
541
913
3578
1197
1200
1961
1259
318
527
858
1193
912
908
2858
260
50
1197
904
1198
1233
1259
2028
1193
912
1617
2858
1136
2692
1208
1198
2762
1197
2959
4226
2571
2804
1221
750
50
1193
912
1213
1198
1208
1617
2858
1221
2762
923
2959
2028
2571
337
17
36
58
509
497
508
25
1393
265
912
6
364
50
11
4993
4306
2762
2571
1198
912
2028
1214
1617
3114
3578
1240
1304
3996
733
858
50
1198
1234
1196
912
2762
296
2804
1197
58
1200
111
2918
1270
50
912
541
1221
1183
750
1250
3578
2762
858
2324
1193
2571
4993
1197
2028
3578
47
111
293
2706
2959
555
223
2683
161
832
480
553
1270
858
1233
2028
919
6
733
1356
50
1148
4226
708
10
750
1221
1204
2762
17
2396
357
50
4993
265
858
1198
318
342
527
367
2571
47
2762
1193
3578
1961
1704
36
1097
733
6
4993
2324
50
1148
1198
260
1193
3578
1393
908
750
912
858
904
318
2959
4993
1213
4226
1221
923
110
17
318
733
553
474
349
587
780
62
293
47
34
58
265
62
733
708
2762
2571
2028
1617
2858
17
497
58
1225
36
2395
246
1393
733
2762
2858
1193
858
1148
2028
141
750
919
4993
4226
1961
2571
